-4.329780281177467662e-17 1.000000000000000000e+00 4.329780281177465196e-17 7.071067690849304199e-01 1.530808400295337307e-17 1.530808400295337307e-17 7.071067690849304199e-01
0.000000000000000000e+00 8.660254037844385966e-01 5.000000000000001110e-01 8.660253882408142090e-01 0.000000000000000000e+00 0.000000000000000000e+00 4.999999701976776123e-01
3.535533905932737864e-01 8.660254037844385966e-01 3.535533905932738419e-01 8.072639107704162598e-01 -1.584348976612091064e-01 -1.094912588596343994e-01 5.578843355178833008e-01
5.000000000000001110e-01 8.660254037844385966e-01 3.061616997868383634e-17 6.830126643180847168e-01 -1.830126941204071045e-01 -1.830126941204071045e-01 6.830126643180847168e-01
3.535533905932738419e-01 8.660254037844385966e-01 -3.535533905932737864e-01 5.578843355178833008e-01 -1.094912514090538025e-01 -1.584348976612091064e-01 8.072639107704162598e-01
6.123233995736767268e-17 8.660254037844385966e-01 -5.000000000000001110e-01 4.999999701976776123e-01 -1.767625412021716323e-17 -3.061617131462919636e-17 8.660253882408142090e-01
-3.535533905932737864e-01 8.660254037844385966e-01 -3.535533905932738974e-01 5.578843355178833008e-01 1.094912514090538025e-01 1.584348976612091064e-01 8.072639107704162598e-01
-5.000000000000001110e-01 8.660254037844385966e-01 -9.184850993605150903e-17 6.830126643180847168e-01 1.830126941204071045e-01 1.830126941204071045e-01 6.830126643180847168e-01
-3.535533905932738974e-01 8.660254037844385966e-01 3.535533905932737309e-01 8.072639107704162598e-01 1.584348976612091064e-01 1.094912588596343994e-01 5.578843355178833008e-01
0.000000000000000000e+00 4.999999999999999445e-01 8.660254037844387076e-01 9.659258127212524414e-01 0.000000000000000000e+00 0.000000000000000000e+00 2.588190734386444092e-01
6.123724356957944703e-01 4.999999999999999445e-01 6.123724356957945814e-01 8.111914992332458496e-01 -3.849086165428161621e-01 -1.887262314558029175e-01 3.977388143539428711e-01
8.660254037844387076e-01 4.999999999999999445e-01 5.302876193624534574e-17 6.123723983764648438e-01 -3.535533547401428223e-01 -3.535533845424652100e-01 6.123723983764648438e-01
6.123724356957945814e-01 4.999999999999999445e-01 -6.123724356957944703e-01 3.977388739585876465e-01 -1.887262314558029175e-01 -3.849085867404937744e-01 8.111914396286010742e-01
1.060575238724906915e-16 4.999999999999999445e-01 -8.660254037844387076e-01 2.588190436363220215e-01 -2.744970904052518047e-17 -1.024436983565119095e-16 9.659258127212524414e-01
-6.123724356957944703e-01 4.999999999999999445e-01 -6.123724356957946924e-01 3.977388739585876465e-01 1.887262314558029175e-01 3.849085867404937744e-01 8.111914396286010742e-01
-8.660254037844387076e-01 4.999999999999999445e-01 -1.590862858087360249e-16 6.123723983764648438e-01 3.535533547401428223e-01 3.535533845424652100e-01 6.123723983764648438e-01
-6.123724356957946924e-01 4.999999999999999445e-01 6.123724356957944703e-01 8.111914992332458496e-01 3.849086165428161621e-01 1.887262314558029175e-01 3.977388143539428711e-01
0.000000000000000000e+00 0.000000000000000000e+00 1.000000000000000000e+00 -4.371138828673792887e-08 -1.000000000000000000e+00 4.371138828673792887e-08 1.910685465164705006e-15
7.071067811865474617e-01 0.000000000000000000e+00 7.071067811865475727e-01 6.532814502716064453e-01 -6.532813906669616699e-01 -2.705979943275451660e-01 2.705980539321899414e-01
1.000000000000000000e+00 0.000000000000000000e+00 6.123233995736766036e-17 4.999999701976776123e-01 -4.999999701976776123e-01 -4.999999701976776123e-01 4.999999701976776123e-01
7.071067811865475727e-01 0.000000000000000000e+00 -7.071067811865474617e-01 2.705980837345123291e-01 -2.705980241298675537e-01 -6.532814502716064453e-01 6.532815098762512207e-01
1.224646799147353207e-16 0.000000000000000000e+00 -1.000000000000000000e+00 0.000000000000000000e+00 0.000000000000000000e+00 0.000000000000000000e+00 1.000000000000000000e+00
-7.071067811865474617e-01 0.000000000000000000e+00 -7.071067811865476838e-01 2.705980837345123291e-01 2.705980241298675537e-01 6.532814502716064453e-01 6.532815098762512207e-01
-1.000000000000000000e+00 0.000000000000000000e+00 -1.836970198721029688e-16 4.999999701976776123e-01 4.999999701976776123e-01 4.999999701976776123e-01 4.999999701976776123e-01
-7.071067811865476838e-01 0.000000000000000000e+00 7.071067811865473507e-01 6.532814502716064453e-01 6.532813906669616699e-01 2.705979943275451660e-01 2.705980539321899414e-01
0.000000000000000000e+00 -4.999999999999999445e-01 8.660254037844387076e-01 4.222195926217864326e-08 -9.659258127212524414e-01 -2.588190138339996338e-01 -1.131334137483008817e-08
6.123724356957944703e-01 -4.999999999999999445e-01 6.123724356957945814e-01 3.849087059497833252e-01 -8.111914396286010742e-01 -3.977388441562652588e-01 1.887262463569641113e-01
8.660254037844387076e-01 -4.999999999999999445e-01 5.302876193624534574e-17 3.535533845424652100e-01 -6.123723983764648438e-01 -6.123723983764648438e-01 3.535533547401428223e-01
6.123724356957945814e-01 -4.999999999999999445e-01 -6.123724356957944703e-01 1.887262463569641113e-01 -3.977388143539428711e-01 -8.111914396286010742e-01 3.849085867404937744e-01
1.060575238724906915e-16 -4.999999999999999445e-01 -8.660254037844387076e-01 1.131333959847324877e-08 -2.588190436363220215e-01 -9.659258127212524414e-01 -4.222195926217864326e-08
-6.123724356957944703e-01 -4.999999999999999445e-01 -6.123724356957946924e-01 1.887262463569641113e-01 3.977388143539428711e-01 8.111914396286010742e-01 3.849085867404937744e-01
-8.660254037844387076e-01 -4.999999999999999445e-01 -1.590862858087360249e-16 3.535533845424652100e-01 6.123723983764648438e-01 6.123723983764648438e-01 3.535533547401428223e-01
-6.123724356957946924e-01 -4.999999999999999445e-01 6.123724356957944703e-01 3.849087059497833252e-01 8.111914396286010742e-01 3.977388441562652588e-01 1.887262463569641113e-01
